UNITS=MM
#Layer_Color=32768
#
#Feature symbol names
#
$0 r49.9999
$1 r99.9998
$2 r50.8

#
#Feature attribute names
#

#
#Layer features
#
L 12.1930922 50.653696 12.1930922 68.52469658 0 P 0
L 12.1930922 50.653696 22.9038912 50.653696 0 P 0
L 12.1930922 68.52469658 22.9038912 68.52469658 0 P 0
L 14.58999876 18.27000156 14.58999876 21.2900006 0 P 0
L 14.58999876 18.27000156 16.1100008 18.27000156 0 P 0
L 14.58999876 21.2900006 16.1100008 21.2900006 0 P 0
L 14.65999862 28.77000088 14.65999862 31.78999992 0 P 0
L 14.65999862 28.77000088 16.18000066 28.77000088 0 P 0
L 14.65999862 31.78999992 16.18000066 31.78999992 0 P 0
L 14.72999848 21.70000232 14.72999848 24.72000136 0 P 0
L 14.72999848 21.70000232 16.25000052 21.70000232 0 P 0
L 14.72999848 24.72000136 16.25000052 24.72000136 0 P 0
L 14.74999844 24.92000096 14.74999844 27.94 0 P 0
L 14.74999844 24.92000096 16.27000048 24.92000096 0 P 0
L 14.74999844 27.94 16.27000048 27.94 0 P 0
L 16.1100008 18.27000156 16.1100008 21.2900006 0 P 0
L 16.18000066 28.77000088 16.18000066 31.78999992 0 P 0
L 16.25000052 21.70000232 16.25000052 24.72000136 0 P 0
L 16.27000048 24.92000096 16.27000048 27.94 0 P 0
L 19.70999868 29.79999882 19.70999868 31.6000003 0 P 0
L 19.70999868 29.79999882 23.61000104 29.79999882 0 P 0
L 19.70999868 31.6000003 23.61000104 31.6000003 0 P 0
L 22.9038912 50.653696 22.9038912 68.52469658 0 P 0
L 23.61000104 29.79999882 23.61000104 31.6000003 0 P 0
L 24.62000156 29.88999864 24.62000156 31.41000068 0 P 0
L 24.62000156 29.88999864 27.6400006 29.88999864 0 P 0
L 24.62000156 31.41000068 27.6400006 31.41000068 0 P 0
L 27.6400006 29.88999864 27.6400006 31.41000068 0 P 0
L 30.30509306 50.77169678 30.30509306 68.64269736 0 P 0
L 30.30509306 50.77169678 41.01589206 50.77169678 0 P 0
L 30.30509306 68.64269736 41.01589206 68.64269736 0 P 0
L 30.5430936 -11.25030516 30.5430936 6.62069542 0 P 0
L 30.5430936 -11.25030516 41.2538926 -11.25030516 0 P 0
L 30.5430936 6.62069542 41.2538926 6.62069542 0 P 0
L 33.35000188 46.88000022 33.35000188 48.40000226 0 P 0
L 33.35000188 46.88000022 36.37000092 46.88000022 0 P 0
L 33.35000188 48.40000226 36.37000092 48.40000226 0 P 0
L 35.80545544 29.3565707 36.81661674 30.367732 0 P 0
L 35.80545544 29.3565707 37.8772801 27.28474604 0 P 0
L 36.37000092 46.88000022 36.37000092 48.40000226 0 P 0
L 36.38849212 23.0096949 36.38849212 24.43969458 0 P 0
L 36.38849212 23.0096949 39.31849388 23.0096949 0 P 0
L 36.38849212 24.43969458 39.31849388 24.43969458 0 P 0
L 36.81661674 30.367732 38.8884414 28.29590734 0 P 0
L 37.8772801 27.28474604 38.8884414 28.29590734 0 P 0
L 39.04850712 18.81966772 40.05966842 17.80850642 0 P 0
L 39.04850712 18.81966772 41.12033178 20.89149238 0 P 0
L 39.25849146 29.2596951 39.25849146 32.18969686 0 P 0
L 39.25849146 29.2596951 40.68849114 29.2596951 0 P 0
L 39.25849146 32.18969686 40.68849114 32.18969686 0 P 0
L 39.31849388 23.0096949 39.31849388 24.43969458 0 P 0
L 40.05966842 17.80850642 42.13149308 19.88033108 0 P 0
L 40.68849114 29.2596951 40.68849114 32.18969686 0 P 0
L 41.01589206 50.77169678 41.01589206 68.64269736 0 P 0
L 41.11500032 29.3749984 41.11500032 32.30500016 0 P 0
L 41.11500032 29.3749984 42.545 29.3749984 0 P 0
L 41.11500032 32.30500016 42.545 32.30500016 0 P 0
L 41.12033178 20.89149238 42.13149308 19.88033108 0 P 0
L 41.19274718 22.88119376 41.19274718 29.08119406 0 P 0
L 41.19274718 22.88119376 46.39274694 22.88119376 0 P 0
L 41.19274718 29.08119406 46.39274694 29.08119406 0 P 0
L 41.2538926 -11.25030516 41.2538926 6.62069542 0 P 0
L 41.48398612 20.85962046 42.13805898 21.51369332 0 P 0
L 41.48398612 20.85962046 43.05729768 19.2863089 0 P 0
L 42.05849094 32.4346951 42.05849094 35.36469686 0 P 0
L 42.05849094 32.4346951 43.48849062 32.4346951 0 P 0
L 42.05849094 35.36469686 43.48849062 35.36469686 0 P 0
L 42.13805898 21.51369332 43.71137054 19.94038176 0 P 0
L 42.545 29.3749984 42.545 32.30500016 0 P 0
L 43.05729768 19.2863089 43.71137054 19.94038176 0 P 0
L 43.10500142 15.58499804 43.10500142 18.5149998 0 P 0
L 43.10500142 15.58499804 44.5350011 15.58499804 0 P 0
L 43.10500142 18.5149998 44.5350011 18.5149998 0 P 0
L 43.29274806 25.98119518 44.29274606 25.98119518 1 P 0
L 43.48849062 32.4346951 43.48849062 35.36469686 0 P 0
L 43.79274706 25.48119364 43.79274706 26.48119418 1 P 0
L 43.96630526 19.9180577 44.62037812 19.26398484 0 P 0
L 43.96630526 19.9180577 45.53961682 21.49136926 0 P 0
L 44.22499918 32.4349999 44.22499918 35.36500166 0 P 0
L 44.22499918 32.4349999 45.65499886 32.4349999 0 P 0
L 44.22499918 35.36500166 45.65499886 35.36500166 0 P 0
L 44.5350011 15.58499804 44.5350011 18.5149998 0 P 0
L 44.62037812 19.26398484 46.19368968 20.8372964 0 P 0
L 45.53961682 21.49136926 46.19368968 20.8372964 0 P 0
L 45.65499886 32.4349999 45.65499886 35.36500166 0 P 0
L 45.65699784 19.68002668 46.66815914 20.69118798 0 P 0
L 45.65699784 19.68002668 47.7288225 17.60820202 0 P 0
L 46.39274694 22.88119376 46.39274694 29.08119406 0 P 0
L 46.66815914 20.69118798 48.7399838 18.61936332 0 P 0
L 46.72699824 25.35700034 46.72699824 27.32300098 2 P 0
L 46.72699824 25.35700034 50.4730004 25.35700034 2 P 0
L 46.72699824 27.32300098 50.4730004 27.32300098 2 P 0
L 47.10500104 29.18499878 47.10500104 32.11500054 0 P 0
L 47.10500104 29.18499878 48.53500072 29.18499878 0 P 0
L 47.10500104 32.11500054 48.53500072 32.11500054 0 P 0
L 47.11348972 32.53969616 47.11348972 35.5596952 0 P 0
L 47.11348972 32.53969616 48.63349176 32.53969616 0 P 0
L 47.11348972 35.5596952 48.63349176 35.5596952 0 P 0
L 47.14309342 -11.17530658 47.14309342 6.695694 0 P 0
L 47.14309342 -11.17530658 57.85389242 -11.17530658 0 P 0
L 47.14309342 6.695694 57.85389242 6.695694 0 P 0
L 47.7288225 17.60820202 48.7399838 18.61936332 0 P 0
L 47.99499926 22.8450013 47.99499926 24.27500098 0 P 0
L 47.99499926 22.8450013 50.92500102 22.8450013 0 P 0
L 47.99499926 24.27500098 50.92500102 24.27500098 0 P 0
L 48.00499924 21.34499922 48.00499924 22.7749989 0 P 0
L 48.00499924 21.34499922 50.935001 21.34499922 0 P 0
L 48.00499924 22.7749989 50.935001 22.7749989 0 P 0
L 48.53500072 29.18499878 48.53500072 32.11500054 0 P 0
L 48.63349176 32.53969616 48.63349176 35.5596952 0 P 0
L 48.8450001 34.13499904 48.8450001 35.56499872 0 P 0
L 48.8450001 34.13499904 51.77500186 34.13499904 0 P 0
L 48.8450001 35.56499872 51.77500186 35.56499872 0 P 0
L 48.84999882 42.72000092 48.84999882 45.73999996 0 P 0
L 48.84999882 42.72000092 50.37000086 42.72000092 0 P 0
L 48.84999882 45.73999996 50.37000086 45.73999996 0 P 0
L 48.85499754 27.38499984 48.85499754 28.81499952 0 P 0
L 48.85499754 27.38499984 51.7849993 27.38499984 0 P 0
L 48.85499754 28.81499952 51.7849993 28.81499952 0 P 0
L 48.87500004 35.72500094 48.87500004 37.15500062 0 P 0
L 48.87500004 35.72500094 51.8050018 35.72500094 0 P 0
L 48.87500004 37.15500062 51.8050018 37.15500062 0 P 0
L 50.30499972 29.06499902 50.30499972 31.99500078 0 P 0
L 50.30499972 29.06499902 51.7349994 29.06499902 0 P 0
L 50.30499972 31.99500078 51.7349994 31.99500078 0 P 0
L 50.37000086 42.72000092 50.37000086 45.73999996 0 P 0
L 50.4730004 25.35700034 50.4730004 27.32300098 2 P 0
L 50.92500102 22.8450013 50.92500102 24.27500098 0 P 0
L 50.935001 21.34499922 50.935001 22.7749989 0 P 0
L 51.7349994 29.06499902 51.7349994 31.99500078 0 P 0
L 51.77500186 34.13499904 51.77500186 35.56499872 0 P 0
L 51.7849993 27.38499984 51.7849993 28.81499952 0 P 0
L 51.8050018 35.72500094 51.8050018 37.15500062 0 P 0
L 51.84000046 29.01999784 51.84000046 30.53999988 0 P 0
L 51.84000046 29.01999784 54.8599995 29.01999784 0 P 0
L 51.84000046 30.53999988 54.8599995 30.53999988 0 P 0
L 54.5249989 32.52499718 54.5249989 35.45499894 0 P 0
L 54.5249989 32.52499718 55.95499858 32.52499718 0 P 0
L 54.5249989 35.45499894 55.95499858 35.45499894 0 P 0
L 54.8599995 29.01999784 54.8599995 30.53999988 0 P 0
L 55.95499858 32.52499718 55.95499858 35.45499894 0 P 0
L 57.85389242 -11.17530658 57.85389242 6.695694 0 P 0
L 65.13500054 42.67499974 65.13500054 45.6050015 0 P 0
L 65.13500054 42.67499974 66.56500022 42.67499974 0 P 0
L 65.13500054 45.6050015 66.56500022 45.6050015 0 P 0
L 66.35999936 29.52500064 66.35999936 38.5350004 0 P 0
L 66.35999936 29.52500064 71.35999952 29.52500064 0 P 0
L 66.35999936 38.5350004 71.35999952 38.5350004 0 P 0
L 66.42999922 16.645001 66.42999922 25.65500076 0 P 0
L 66.42999922 16.645001 71.42999938 16.645001 0 P 0
L 66.42999922 25.65500076 71.42999938 25.65500076 0 P 0
L 66.56500022 42.67499974 66.56500022 45.6050015 0 P 0
L 71.35999952 29.52500064 71.35999952 38.5350004 0 P 0
L 71.42999938 16.645001 71.42999938 25.65500076 0 P 0
L 72.65020522 33.22499832 72.65020522 36.15500008 0 P 0
L 72.65020522 33.22499832 74.0802049 33.22499832 0 P 0
L 72.65020522 36.15500008 74.0802049 36.15500008 0 P 0
L 72.66500072 20.07499922 72.66500072 23.00500098 0 P 0
L 72.66500072 20.07499922 74.0950004 20.07499922 0 P 0
L 72.66500072 23.00500098 74.0950004 23.00500098 0 P 0
L 74.0802049 33.22499832 74.0802049 36.15500008 0 P 0
L 74.0950004 20.07499922 74.0950004 23.00500098 0 P 0
