UNITS=MM
#Layer_Color=9474304
#
#Feature symbol names
#
$0 r127

#
#Feature attribute names
#

#
#Layer features
#
L 3.79849126 5.9996959 6.79849034 5.9996959 0 P 0
L 3.79849126 51.37469532 6.79849034 51.37469532 0 P 0
L 5.2834921 32.00969468 6.2834901 32.00969468 0 P 0
L 5.2984908 4.49969636 5.2984908 7.49969544 0 P 0
L 5.2984908 49.87469578 5.2984908 52.87469486 0 P 0
L 5.32349202 21.84969468 6.32349002 21.84969468 0 P 0
L 5.32349202 24.38969468 6.32349002 24.38969468 0 P 0
L 5.32349202 26.92969468 6.32349002 26.92969468 0 P 0
L 5.32349202 29.46969468 6.32349002 29.46969468 0 P 0
L 5.7834911 31.50969568 5.7834911 32.50969368 0 P 0
L 5.82349102 21.34969568 5.82349102 22.34969368 0 P 0
L 5.82349102 23.88969568 5.82349102 24.88969368 0 P 0
L 5.82349102 26.42969568 5.82349102 27.42969368 0 P 0
L 5.82349102 28.96969568 5.82349102 29.96969368 0 P 0
L 7.8234921 21.84969468 8.8234901 21.84969468 0 P 0
L 7.8234921 24.38969468 8.8234901 24.38969468 0 P 0
L 7.8234921 26.92969468 8.8234901 26.92969468 0 P 0
L 7.8234921 29.46969468 8.8234901 29.46969468 0 P 0
L 7.8234921 32.00969468 8.8234901 32.00969468 0 P 0
L 8.3234911 21.34969568 8.3234911 22.34969368 0 P 0
L 8.3234911 23.88969568 8.3234911 24.88969368 0 P 0
L 8.3234911 26.42969568 8.3234911 27.42969368 0 P 0
L 8.3234911 28.96969568 8.3234911 29.96969368 0 P 0
L 8.3234911 31.50969568 8.3234911 32.50969368 0 P 0
L 11.21000044 50.52000056 11.50999984 50.52000056 0 P 0
L 11.21000044 51.85000044 11.50999984 51.85000044 0 P 0
L 11.24000038 53.13000042 11.53999978 53.13000042 0 P 0
L 11.25000036 54.40000042 11.54999976 54.40000042 0 P 0
L 11.25000036 55.70000036 11.54999976 55.70000036 0 P 0
L 11.36000014 50.37000086 11.36000014 50.67000026 0 P 0
L 11.36000014 51.70000074 11.36000014 52.00000014 0 P 0
L 11.39000008 52.98000072 11.39000008 53.28000012 0 P 0
L 11.40000006 54.25000072 11.40000006 54.55000012 0 P 0
L 11.40000006 55.55000066 11.40000006 55.85000006 0 P 0
L 12.200001 39.92999888 12.5000004 39.92999888 0 P 0
L 12.32000076 35.02999852 12.62000016 35.02999852 0 P 0
L 12.32000076 45.79999984 12.62000016 45.79999984 0 P 0
L 12.33000074 49.52000002 12.63000014 49.52000002 0 P 0
L 12.3500007 39.77999918 12.3500007 40.07999858 0 P 0
L 12.47000046 34.87999882 12.47000046 35.17999822 0 P 0
L 12.47000046 45.65000014 12.47000046 45.94999954 0 P 0
L 12.48000044 49.37000032 12.48000044 49.66999972 0 P 0
L 13.85000024 49.51000004 14.14999964 49.51000004 0 P 0
L 13.99999994 49.36000034 13.99999994 49.65999974 0 P 0
L 14.91000066 37.53999858 15.21000006 37.53999858 0 P 0
L 15.02000044 43.33999968 15.31999984 43.33999968 0 P 0
L 15.06000036 37.38999888 15.06000036 37.68999828 0 P 0
L 15.15000018 47.8399983 15.44999958 47.8399983 0 P 0
L 15.17000014 43.18999998 15.17000014 43.48999938 0 P 0
L 15.29999988 47.6899986 15.29999988 47.989998 0 P 0
L 15.85000132 10.48999934 16.15000072 10.48999934 0 P 0
L 15.97000108 5.58999898 16.27000048 5.58999898 0 P 0
L 15.97000108 16.3600003 16.27000048 16.3600003 0 P 0
L 16.00000102 10.33999964 16.00000102 10.63999904 0 P 0
L 16.12000078 5.43999928 16.12000078 5.73999868 0 P 0
L 16.12000078 16.2100006 16.12000078 16.51 0 P 0
L 16.87999926 31.21000108 17.17999866 31.21000108 0 P 0
L 17.02999896 31.06000138 17.02999896 31.36000078 0 P 0
L 17.39000078 35.14000084 17.69000018 35.14000084 0 P 0
L 17.54000048 34.99000114 17.54000048 35.29000054 0 P 0
L 17.55000046 40.26000076 17.84999986 40.26000076 0 P 0
L 17.70000016 40.11000106 17.70000016 40.41000046 0 P 0
L 18.51000108 3.14999878 18.81000048 3.14999878 0 P 0
L 18.56000098 8.09999904 18.86000038 8.09999904 0 P 0
L 18.66000078 2.99999908 18.66000078 3.29999848 0 P 0
L 18.67000076 13.90000014 18.97000016 13.90000014 0 P 0
L 18.71000068 7.94999934 18.71000068 8.24999874 0 P 0
L 18.8000005 18.39999876 19.0999999 18.39999876 0 P 0
L 18.82000046 13.75000044 18.82000046 14.04999984 0 P 0
L 18.9500002 18.24999906 18.9500002 18.54999846 0 P 0
L 20.4699997 37.99000022 20.7699991 37.99000022 0 P 0
L 20.6199994 37.84000052 20.6199994 38.13999992 0 P 0
L 21.08000102 49.61999982 21.38000042 49.61999982 0 P 0
L 21.23000072 49.47000012 21.23000072 49.76999952 0 P 0
L 21.48000022 47.10999976 21.77999962 47.10999976 0 P 0
L 21.62999992 46.96000006 21.62999992 47.25999946 0 P 0
L 22.17000138 34.59999938 22.47000078 34.59999938 0 P 0
L 22.28618606 44.73965906 22.58618546 44.73965906 0 P 0
L 22.3100011 10.54999922 22.6100005 10.54999922 0 P 0
L 22.32000108 34.44999968 22.32000108 34.74999908 0 P 0
L 22.43000086 5.64999886 22.73000026 5.64999886 0 P 0
L 22.43000086 16.42000018 22.73000026 16.42000018 0 P 0
L 22.43618576 44.58965936 22.43618576 44.88965876 0 P 0
L 22.4600008 10.39999952 22.4600008 10.69999892 0 P 0
L 22.58000056 5.49999916 22.58000056 5.79999856 0 P 0
L 22.58000056 16.27000048 22.58000056 16.56999988 0 P 0
L 22.60000052 49.6299998 22.89999992 49.6299998 0 P 0
L 22.75000022 49.4800001 22.75000022 49.7799995 0 P 0
L 23.6800009 54.5100002 23.9800003 54.5100002 0 P 0
L 23.6800009 55.81000014 23.9800003 55.81000014 0 P 0
L 23.69000088 53.2400002 23.99000028 53.2400002 0 P 0
L 23.72000082 50.63000034 24.02000022 50.63000034 0 P 0
L 23.72000082 51.96000022 24.02000022 51.96000022 0 P 0
L 23.8300006 54.3600005 23.8300006 54.6599999 0 P 0
L 23.8300006 55.66000044 23.8300006 55.95999984 0 P 0
L 23.84000058 53.0900005 23.84000058 53.3899999 0 P 0
L 23.87000052 50.48000064 23.87000052 50.78000004 0 P 0
L 23.87000052 51.81000052 23.87000052 52.10999992 0 P 0
L 24.97000086 3.20999866 25.27000026 3.20999866 0 P 0
L 24.97000086 47.17999962 25.27000026 47.17999962 0 P 0
L 25.02000076 8.15999892 25.32000016 8.15999892 0 P 0
L 25.11000058 41.91 25.40999998 41.91 0 P 0
L 25.12000056 3.05999896 25.12000056 3.35999836 0 P 0
L 25.12000056 47.02999992 25.12000056 47.32999932 0 P 0
L 25.13000054 13.96000002 25.42999994 13.96000002 0 P 0
L 25.17000046 8.00999922 25.17000046 8.30999862 0 P 0
L 25.26000028 18.45999864 25.55999968 18.45999864 0 P 0
L 25.26000028 41.7600003 25.26000028 42.0599997 0 P 0
L 25.28000024 13.81000032 25.28000024 14.10999972 0 P 0
L 25.40999998 18.30999894 25.40999998 18.60999834 0 P 0
L 25.50999978 44.8999991 25.80999918 44.8999991 0 P 0
L 25.65999948 44.7499994 25.65999948 45.0499988 0 P 0
L 26.170001 34.75999906 26.4700004 34.75999906 0 P 0
L 26.3200007 34.60999936 26.3200007 34.90999876 0 P 0
L 27.27349384 22.64969562 28.27349184 22.64969562 0 P 0
L 27.55000078 39.77999918 27.85000018 39.77999918 0 P 0
L 27.63000062 28.26999934 27.93000002 28.26999934 0 P 0
L 27.6900005 26.54000026 27.9899999 26.54000026 0 P 0
L 27.70000048 39.62999948 27.70000048 39.92999888 0 P 0
L 27.72349294 24.8996962 28.02349234 24.8996962 0 P 0
L 27.77349284 22.14969662 27.77349284 23.14969462 0 P 0
L 27.78000032 28.11999964 27.78000032 28.41999904 0 P 0
L 27.81000026 49.13999824 28.10999966 49.13999824 0 P 0
L 27.8400002 26.39000056 27.8400002 26.68999996 0 P 0
L 27.87349264 24.7496965 27.87349264 25.0496959 0 P 0
L 27.95999996 48.98999854 27.95999996 49.28999794 0 P 0
L 28.14000214 15.56999934 28.44000154 15.56999934 0 P 0
L 28.2600019 10.66999898 28.5600013 10.66999898 0 P 0
L 28.29000184 15.41999964 28.29000184 15.71999904 0 P 0
L 28.4100016 10.51999928 28.4100016 10.81999868 0 P 0
L 29.02000038 50.6500003 29.31999978 50.6500003 0 P 0
L 29.02000038 51.98000018 29.31999978 51.98000018 0 P 0
L 29.05000032 53.26000016 29.34999972 53.26000016 0 P 0
L 29.0600003 54.53000016 29.3599997 54.53000016 0 P 0
L 29.0600003 55.8300001 29.3599997 55.8300001 0 P 0
L 29.17000008 50.5000006 29.17000008 50.8 0 P 0
L 29.17000008 51.83000048 29.17000008 52.12999988 0 P 0
L 29.18000006 47.24999948 29.47999946 47.24999948 0 P 0
L 29.20000002 53.11000046 29.20000002 53.40999986 0 P 0
L 29.21 54.38000046 29.21 54.67999986 0 P 0
L 29.21 55.6800004 29.21 55.9799998 0 P 0
L 29.27999986 42.37999906 32.27999894 42.37999906 0 P 0
L 29.32999976 47.09999978 29.32999976 47.39999918 0 P 0
L 29.57999926 4.97000022 29.87999866 4.97000022 0 P 0
L 29.57999926 6.3000001 29.87999866 6.3000001 0 P 0
L 29.6099992 3.69000024 29.9099986 3.69000024 0 P 0
L 29.61999918 1.1200003 29.91999858 1.1200003 0 P 0
L 29.61999918 2.42000024 29.91999858 2.42000024 0 P 0
L 29.72999896 4.82000052 29.72999896 5.11999992 0 P 0
L 29.72999896 6.1500004 29.72999896 6.4499998 0 P 0
L 29.7599989 3.54000054 29.7599989 3.83999994 0 P 0
L 29.76999888 0.9700006 29.76999888 1.27 0 P 0
L 29.76999888 2.27000054 29.76999888 2.56999994 0 P 0
L 29.77349392 22.64969562 30.77349192 22.64969562 0 P 0
L 29.82000132 28.37999912 30.12000072 28.37999912 0 P 0
L 29.97000102 28.22999942 29.97000102 28.52999882 0 P 0
L 30.14000068 49.64999976 30.44000008 49.64999976 0 P 0
L 30.17000062 37.84000052 30.47000002 37.84000052 0 P 0
L 30.19000058 45.48000048 30.48999998 45.48000048 0 P 0
L 30.27349292 22.14969662 30.27349292 23.14969462 0 P 0
L 30.29000038 49.50000006 30.29000038 49.79999946 0 P 0
L 30.32000032 37.69000082 30.32000032 37.99000022 0 P 0
L 30.34000028 45.33000078 30.34000028 45.63000018 0 P 0
L 30.69999956 7.34000056 30.99999896 7.34000056 0 P 0
L 30.7799994 40.87999952 30.7799994 43.8799986 0 P 0
L 30.84999926 7.19000086 30.84999926 7.49000026 0 P 0
L 30.8500018 13.17999904 31.1500012 13.17999904 0 P 0
L 30.96000158 18.98000014 31.26000098 18.98000014 0 P 0
L 31.0000015 13.02999934 31.0000015 13.32999874 0 P 0
L 31.11000128 18.83000044 31.11000128 19.12999984 0 P 0
L 31.43000064 31.54000042 31.73000004 31.54000042 0 P 0
L 31.58000034 31.39000072 31.58000034 31.69000012 0 P 0
L 31.66000018 49.63999978 31.95999958 49.63999978 0 P 0
L 31.69000012 28.37999912 31.98999952 28.37999912 0 P 0
L 31.80999988 49.49000008 31.80999988 49.78999948 0 P 0
L 31.83999982 28.22999942 31.83999982 28.52999882 0 P 0
L 32.13999922 47.57999882 32.43999862 47.57999882 0 P 0
L 32.21999906 7.31000062 32.51999846 7.31000062 0 P 0
L 32.273494 22.64969562 33.273492 22.64969562 0 P 0
L 32.28999892 47.42999912 32.28999892 47.72999852 0 P 0
L 32.36999876 7.16000092 32.36999876 7.46000032 0 P 0
L 32.46000112 36.31000104 32.76000052 36.31000104 0 P 0
L 32.61000082 36.16000134 32.61000082 36.46000074 0 P 0
L 32.773493 22.14969662 32.773493 23.14969462 0 P 0
L 33.02999998 39.6699994 33.32999938 39.6699994 0 P 0
L 33.17999968 39.5199997 33.17999968 39.8199991 0 P 0
L 33.83000092 16.66999968 34.13000032 16.66999968 0 P 0
L 33.98000062 16.51999998 33.98000062 16.81999938 0 P 0
L 34.25000008 43.05000026 34.54999948 43.05000026 0 P 0
L 34.39999978 42.90000056 34.39999978 43.19999996 0 P 0
L 34.50849842 1.09134656 34.80849782 1.09134656 0 P 0
L 34.50849842 2.3913465 34.80849782 2.3913465 0 P 0
L 34.50849842 3.69134644 34.80849782 3.69134644 0 P 0
L 34.50849842 4.99134638 34.80849782 4.99134638 0 P 0
L 34.50849842 6.29134632 34.80849782 6.29134632 0 P 0
L 34.58000196 45.48000048 34.88000136 45.48000048 0 P 0
L 34.65849812 0.94134686 34.65849812 1.24134626 0 P 0
L 34.65849812 2.2413468 34.65849812 2.5413462 0 P 0
L 34.65849812 3.54134674 34.65849812 3.84134614 0 P 0
L 34.65849812 4.84134668 34.65849812 5.14134608 0 P 0
L 34.65849812 6.14134662 34.65849812 6.44134602 0 P 0
L 34.73000166 45.33000078 34.73000166 45.63000018 0 P 0
L 34.9847281 7.5009756 35.2847275 7.5009756 0 P 0
L 34.9847281 8.80097554 35.2847275 8.80097554 0 P 0
L 35.04000104 34.11000036 35.34000044 34.11000036 0 P 0
L 35.06649324 10.09840246 35.36649264 10.09840246 0 P 0
L 35.1347278 7.3509759 35.1347278 7.6509753 0 P 0
L 35.1347278 8.65097584 35.1347278 8.95097524 0 P 0
L 35.19000074 33.96000066 35.19000074 34.26000006 0 P 0
L 35.21649294 9.94840276 35.21649294 10.24840216 0 P 0
L 35.24358712 11.38628406 35.54358652 11.38628406 0 P 0
L 35.39358682 11.23628436 35.39358682 11.53628376 0 P 0
L 35.51461782 12.65771662 35.81461722 12.65771662 0 P 0
L 35.66461752 12.50771692 35.66461752 12.80771632 0 P 0
L 35.87811976 13.90586246 36.17811916 13.90586246 0 P 0
L 36.02811946 13.75586276 36.02811946 14.05586216 0 P 0
L 36.33213968 15.12400074 36.63213908 15.12400074 0 P 0
L 36.48213938 14.97400104 36.48213938 15.27400044 0 P 0
L 36.5122587 7.48837466 36.8122581 7.48837466 0 P 0
L 36.5122587 8.7883746 36.8122581 8.7883746 0 P 0
L 36.52000062 36.64000038 36.82000002 36.64000038 0 P 0
L 36.58995984 10.08605044 36.88995924 10.08605044 0 P 0
L 36.6622584 7.33837496 36.6622584 7.63837436 0 P 0
L 36.6622584 8.6383749 36.6622584 8.9383743 0 P 0
L 36.67000032 36.49000068 36.67000032 36.79000008 0 P 0
L 36.7300002 39.65999942 37.0299996 39.65999942 0 P 0
L 36.73995954 9.93605074 36.73995954 10.23605014 0 P 0
L 36.7815241 11.3718594 37.0815235 11.3718594 0 P 0
L 36.8799999 39.50999972 36.8799999 39.80999912 0 P 0
L 36.8883565 16.29899966 37.1883559 16.29899966 0 P 0
L 36.9315238 11.2218597 36.9315238 11.5218591 0 P 0
L 36.98848838 1.07874308 37.28848778 1.07874308 0 P 0
L 36.98848838 2.37874302 37.28848778 2.37874302 0 P 0
L 36.98848838 3.67874296 37.28848778 3.67874296 0 P 0
L 36.98848838 4.9787429 37.28848778 4.9787429 0 P 0
L 36.98848838 6.27874284 37.28848778 6.27874284 0 P 0
L 37.0383562 16.14899996 37.0383562 16.44899936 0 P 0
L 37.07436324 12.63844564 37.37436264 12.63844564 0 P 0
L 37.12000196 32.26999896 37.42000136 32.26999896 0 P 0
L 37.13848808 0.92874338 37.13848808 1.22874278 0 P 0
L 37.13848808 2.22874332 37.13848808 2.52874272 0 P 0
L 37.13848808 3.52874326 37.13848808 3.82874266 0 P 0
L 37.13848808 4.8287432 37.13848808 5.1287426 0 P 0
L 37.13848808 6.12874314 37.13848808 6.42874254 0 P 0
L 37.22436294 12.48844594 37.22436294 12.78844534 0 P 0
L 37.27000166 32.11999926 37.27000166 32.41999866 0 P 0
L 37.28000164 43.02000032 37.58000104 43.02000032 0 P 0
L 37.43000134 42.87000062 37.43000134 43.17000002 0 P 0
L 37.4666256 13.87785388 37.766625 13.87785388 0 P 0
L 37.5748677 17.40294716 37.8748671 17.40294716 0 P 0
L 37.6166253 13.72785418 37.6166253 14.02785358 0 P 0
L 37.7248674 17.25294746 37.7248674 17.55294686 0 P 0
L 37.95704118 15.08180118 38.25704058 15.08180118 0 P 0
L 38.10704088 14.93180148 38.10704088 15.23180088 0 P 0
L 38.37004264 18.43139316 38.67004204 18.43139316 0 P 0
L 38.52004234 18.28139346 38.52004234 18.58139286 0 P 0
L 38.60989484 16.20598232 38.90989424 16.20598232 0 P 0
L 38.75989454 16.05598262 38.75989454 16.35598202 0 P 0
L 39.09037394 19.51357794 39.39037334 19.51357794 0 P 0
L 39.19000036 7.41000042 39.48999976 7.41000042 0 P 0
L 39.24037364 19.36357824 39.24037364 19.66357764 0 P 0
L 39.31000012 49.48999754 39.60999952 49.48999754 0 P 0
L 39.34000006 7.26000072 39.34000006 7.56000012 0 P 0
L 39.3717145 17.25937112 39.6717139 17.25937112 0 P 0
L 39.44999984 32.98000008 39.74999924 32.98000008 0 P 0
L 39.45999982 49.33999784 39.45999982 49.63999724 0 P 0
L 39.5199997 39.53999966 39.8199991 39.53999966 0 P 0
L 39.5217142 17.10937142 39.5217142 17.40937082 0 P 0
L 39.55999962 36.59000048 39.85999902 36.59000048 0 P 0
L 39.59999954 32.83000038 39.59999954 33.12999978 0 P 0
L 39.6699994 39.38999996 39.6699994 39.68999936 0 P 0
L 39.70999932 36.44000078 39.70999932 36.74000018 0 P 0
L 39.74849302 28.34969438 40.04849242 28.34969438 0 P 0
L 39.8199991 20.70999922 40.1199985 20.70999922 0 P 0
L 39.8234916 43.24969506 40.8234896 43.24969506 0 P 0
L 39.89849272 28.19969468 39.89849272 28.49969408 0 P 0
L 39.9699988 20.55999952 39.9699988 20.85999892 0 P 0
L 40.09849232 23.72469474 40.39849172 23.72469474 0 P 0
L 40.24849202 23.57469504 40.24849202 23.87469444 0 P 0
L 40.3234906 42.74969606 40.3234906 43.74969406 0 P 0
L 40.50301526 17.89980926 40.80301466 17.89980926 0 P 0
L 40.65301496 17.74980956 40.65301496 18.04980896 0 P 0
L 40.66999994 10.94000098 40.96999934 10.94000098 0 P 0
L 40.70999986 7.40000044 41.00999926 7.40000044 0 P 0
L 40.81999964 10.79000128 40.81999964 11.09000068 0 P 0
L 40.82999962 49.49999752 41.12999902 49.49999752 0 P 0
L 40.85999956 7.25000074 40.85999956 7.55000014 0 P 0
L 40.97999932 49.34999782 40.97999932 49.64999722 0 P 0
L 41.01999924 21.64999988 41.31999864 21.64999988 0 P 0
L 41.09999908 33.02 41.39999848 33.02 0 P 0
L 41.16999894 21.50000018 41.16999894 21.79999958 0 P 0
L 41.18000146 47.07999982 41.48000086 47.07999982 0 P 0
L 41.24999878 32.8700003 41.24999878 33.1699997 0 P 0
L 41.33000116 46.93000012 41.33000116 47.22999952 0 P 0
L 41.79000024 1.2200001 42.08999964 1.2200001 0 P 0
L 41.79000024 2.52000004 42.08999964 2.52000004 0 P 0
L 41.80000022 3.79000004 42.09999962 3.79000004 0 P 0
L 41.83000016 5.07000002 42.12999956 5.07000002 0 P 0
L 41.83000016 6.3999999 42.12999956 6.3999999 0 P 0
L 41.91 54.37999792 42.2099994 54.37999792 0 P 0
L 41.91 55.67999786 42.2099994 55.67999786 0 P 0
L 41.91999998 53.10999792 42.21999938 53.10999792 0 P 0
L 41.93999994 1.0700004 41.93999994 1.3699998 0 P 0
L 41.93999994 2.37000034 41.93999994 2.66999974 0 P 0
L 41.94999992 3.64000034 41.94999992 3.93999974 0 P 0
L 41.94999992 50.49999806 42.24999932 50.49999806 0 P 0
L 41.94999992 51.82999794 42.24999932 51.82999794 0 P 0
L 41.97999986 4.92000032 41.97999986 5.21999972 0 P 0
L 41.97999986 6.2500002 41.97999986 6.5499996 0 P 0
L 42.0599997 54.22999822 42.0599997 54.52999762 0 P 0
L 42.0599997 55.52999816 42.0599997 55.82999756 0 P 0
L 42.06999968 52.95999822 42.06999968 53.25999762 0 P 0
L 42.09999962 50.34999836 42.09999962 50.64999776 0 P 0
L 42.09999962 51.67999824 42.09999962 51.97999764 0 P 0
L 42.1099996 15.21000006 42.409999 15.21000006 0 P 0
L 42.2599993 15.06000036 42.2599993 15.35999976 0 P 0
L 42.32349168 43.24969506 43.32348968 43.24969506 0 P 0
L 42.64274682 24.60619666 43.04274602 24.60619666 0 P 0
L 42.64274682 25.55619476 43.04274602 25.55619476 0 P 0
L 42.64274682 26.48119418 43.04274602 26.48119418 0 P 0
L 42.64274682 27.38119492 43.04274602 27.38119492 0 P 0
L 42.76000084 18.7500006 43.16000004 18.7500006 0 P 0
L 42.82349068 42.74969606 42.82349068 43.74969406 0 P 0
L 42.84274642 24.40619706 42.84274642 24.80619626 0 P 0
L 42.84274642 25.35619516 42.84274642 25.75619436 0 P 0
L 42.84274642 26.28119458 42.84274642 26.68119378 0 P 0
L 42.84274642 27.18119532 42.84274642 27.58119452 0 P 0
L 42.96000044 18.550001 42.96000044 18.9500002 0 P 0
L 43.59274746 24.60619666 43.99274666 24.60619666 0 P 0
L 43.59274746 25.55619476 43.99274666 25.55619476 0 P 0
L 43.59274746 26.48119418 43.99274666 26.48119418 0 P 0
L 43.59274746 27.38119492 43.99274666 27.38119492 0 P 0
L 43.79000132 8.22999878 44.09000072 8.22999878 0 P 0
L 43.79274706 24.40619706 43.79274706 24.80619626 0 P 0
L 43.79274706 25.35619516 43.79274706 25.75619436 0 P 0
L 43.79274706 26.28119458 43.79274706 26.68119378 0 P 0
L 43.79274706 27.18119532 43.79274706 27.58119452 0 P 0
L 43.94000102 8.07999908 43.94000102 8.37999848 0 P 0
L 44.14000062 31.5000005 44.44000002 31.5000005 0 P 0
L 44.29000032 31.3500008 44.29000032 31.6500002 0 P 0
L 44.45 18.7500006 44.8499992 18.7500006 0 P 0
L 44.51774688 24.60619666 44.91774608 24.60619666 0 P 0
L 44.51774688 25.55619476 44.91774608 25.55619476 0 P 0
L 44.51774688 26.48119418 44.91774608 26.48119418 0 P 0
L 44.51774688 27.38119492 44.91774608 27.38119492 0 P 0
L 44.55999978 47.07999982 44.85999918 47.07999982 0 P 0
L 44.6499996 18.550001 44.6499996 18.9500002 0 P 0
L 44.70999948 46.93000012 44.70999948 47.22999952 0 P 0
L 44.71774648 24.40619706 44.71774648 24.80619626 0 P 0
L 44.71774648 25.35619516 44.71774648 25.75619436 0 P 0
L 44.71774648 26.28119458 44.71774648 26.68119378 0 P 0
L 44.71774648 27.18119532 44.71774648 27.58119452 0 P 0
L 44.72999944 39.36000002 45.02999884 39.36000002 0 P 0
L 44.75999938 36.17999876 45.05999878 36.17999876 0 P 0
L 44.82349176 43.24969506 45.82348976 43.24969506 0 P 0
L 44.87999914 39.21000032 44.87999914 39.50999972 0 P 0
L 44.90999908 36.02999906 44.90999908 36.32999846 0 P 0
L 45.03000138 50.81999996 45.33000078 50.81999996 0 P 0
L 45.05000134 53.95999876 45.35000074 53.95999876 0 P 0
L 45.18000108 50.67000026 45.18000108 50.96999966 0 P 0
L 45.20000104 53.80999906 45.20000104 54.10999846 0 P 0
L 45.32349076 42.74969606 45.32349076 43.74969406 0 P 0
L 45.53000038 15.24 45.82999978 15.24 0 P 0
L 45.68000008 15.0900003 45.68000008 15.3899997 0 P 0
L 46.08999926 5.14999986 46.38999866 5.14999986 0 P 0
L 46.08999926 6.47999974 46.38999866 6.47999974 0 P 0
L 46.1199992 3.86999988 46.4199986 3.86999988 0 P 0
L 46.12999918 1.29999994 46.42999858 1.29999994 0 P 0
L 46.12999918 2.59999988 46.42999858 2.59999988 0 P 0
L 46.23999896 5.00000016 46.23999896 5.29999956 0 P 0
L 46.23999896 6.33000004 46.23999896 6.62999944 0 P 0
L 46.26000146 21.85999946 46.56000086 21.85999946 0 P 0
L 46.2699989 3.72000018 46.2699989 4.01999958 0 P 0
L 46.27999888 1.15000024 46.27999888 1.44999964 0 P 0
L 46.27999888 2.45000018 46.27999888 2.74999958 0 P 0
L 46.41000116 21.70999976 46.41000116 22.00999916 0 P 0
L 46.43303388 18.3029987 46.73303328 18.3029987 0 P 0
L 46.58303358 18.152999 46.58303358 18.4529984 0 P 0
L 46.96000006 11.30000026 47.25999946 11.30000026 0 P 0
L 47.10999976 11.15000056 47.10999976 11.44999996 0 P 0
L 47.10999976 20.90999882 47.40999916 20.90999882 0 P 0
L 47.20999956 7.48000028 47.50999896 7.48000028 0 P 0
L 47.25999946 20.75999912 47.25999946 21.05999852 0 P 0
L 47.27999942 36.24000118 47.57999882 36.24000118 0 P 0
L 47.35999926 7.33000058 47.35999926 7.62999998 0 P 0
L 47.36713666 17.39886538 47.66713606 17.39886538 0 P 0
L 47.42993308 28.09949676 47.72993248 28.09949676 0 P 0
L 47.42999912 36.09000148 47.42999912 36.39000088 0 P 0
L 47.51713636 17.24886568 47.51713636 17.54886508 0 P 0
L 47.57993278 27.94949706 47.57993278 28.24949646 0 P 0
L 47.80000092 46.9400001 48.10000032 46.9400001 0 P 0
L 47.85276942 19.79349102 48.15276882 19.79349102 0 P 0
L 47.93000066 50.73000014 48.23000006 50.73000014 0 P 0
L 47.95000062 46.7900004 47.95000062 47.0899998 0 P 0
L 47.99000054 54.15000092 48.28999994 54.15000092 0 P 0
L 48.00276912 19.64349132 48.00276912 19.94349072 0 P 0
L 48.08000036 50.58000044 48.08000036 50.87999984 0 P 0
L 48.14000024 54.00000122 48.14000024 54.30000062 0 P 0
L 48.3889812 16.5952297 48.6889806 16.5952297 0 P 0
L 48.44999962 39.5699996 48.74999902 39.5699996 0 P 0
L 48.5389809 16.44523 48.5389809 16.7452294 0 P 0
L 48.59999932 39.4199999 48.59999932 39.7199993 0 P 0
L 48.72999906 7.49000026 49.02999846 7.49000026 0 P 0
L 48.77664616 18.87891322 49.07664556 18.87891322 0 P 0
L 48.87999876 7.34000056 48.87999876 7.63999996 0 P 0
L 48.92664586 18.72891352 48.92664586 19.02891292 0 P 0
L 49.15892886 15.54776418 49.45892826 15.54776418 0 P 0
L 49.26000054 31.18000114 49.55999994 31.18000114 0 P 0
L 49.30892856 15.39776448 49.30892856 15.69776388 0 P 0
L 49.41000024 31.03000144 49.41000024 31.33000084 0 P 0
L 49.41007644 17.74367546 49.71007584 17.74367546 0 P 0
L 49.56007614 17.59367576 49.56007614 17.89367516 0 P 0
L 49.84054548 14.44078646 50.14054488 14.44078646 0 P 0
L 49.99054518 14.29078676 49.99054518 14.59078616 0 P 0
L 50.19901568 16.71043902 50.49901508 16.71043902 0 P 0
L 50.34901538 16.56043932 50.34901538 16.86043872 0 P 0
L 50.41850724 13.27633108 50.71850664 13.27633108 0 P 0
L 50.56850694 13.12633138 50.56850694 13.42633078 0 P 0
L 50.8631317 12.05473078 51.1631311 12.05473078 0 P 0
L 50.9085723 15.62116002 51.2085717 15.62116002 0 P 0
L 51.0131314 11.90473108 51.0131314 12.20473048 0 P 0
L 51.058572 15.47116032 51.058572 15.77115972 0 P 0
L 51.10849824 1.77347372 51.40849764 1.77347372 0 P 0
L 51.10849824 3.07347366 51.40849764 3.07347366 0 P 0
L 51.10849824 4.3734736 51.40849764 4.3734736 0 P 0
L 51.10849824 5.67347354 51.40849764 5.67347354 0 P 0
L 51.20563546 10.80065912 51.50563486 10.80065912 0 P 0
L 51.25849794 1.62347402 51.25849794 1.92347342 0 P 0
L 51.25849794 2.92347396 51.25849794 3.22347336 0 P 0
L 51.25849794 4.2234739 51.25849794 4.5234733 0 P 0
L 51.25849794 5.52347384 51.25849794 5.82347324 0 P 0
L 51.35563516 10.65065942 51.35563516 10.95065882 0 P 0
L 51.38937652 6.94276742 51.68937592 6.94276742 0 P 0
L 51.44367918 9.52264034 51.74367858 9.52264034 0 P 0
L 51.53937622 6.79276772 51.53937622 7.09276712 0 P 0
L 51.54093324 14.48532536 51.84093264 14.48532536 0 P 0
L 51.570001 26.09000116 51.8700004 26.09000116 0 P 0
L 51.57563726 8.22935362 51.87563666 8.22935362 0 P 0
L 51.59367888 9.37264064 51.59367888 9.67264004 0 P 0
L 51.69093294 14.33532566 51.69093294 14.63532506 0 P 0
L 51.7200007 25.94000146 51.7200007 26.24000086 0 P 0
L 51.72563696 8.07935392 51.72563696 8.37935332 0 P 0
L 51.86000042 21.8899994 52.15999982 21.8899994 0 P 0
L 51.89000036 23.38999894 52.18999976 23.38999894 0 P 0
L 51.90000034 20.24000016 52.19999974 20.24000016 0 P 0
L 52.01000012 21.7399997 52.01000012 22.0399991 0 P 0
L 52.0392533 13.28462926 52.3392527 13.28462926 0 P 0
L 52.04000006 23.23999924 52.04000006 23.53999864 0 P 0
L 52.05000004 20.09000046 52.05000004 20.38999986 0 P 0
L 52.189253 13.13462956 52.189253 13.43462896 0 P 0
L 52.28999956 34.67999922 52.58999896 34.67999922 0 P 0
L 52.3699994 31.3000009 52.6699988 31.3000009 0 P 0
L 52.4199993 36.4300008 52.7199987 36.4300008 0 P 0
L 52.43999926 34.52999952 52.43999926 34.82999892 0 P 0
L 52.4479901 12.05055756 52.7479895 12.05055756 0 P 0
L 52.5199991 31.1500012 52.5199991 31.4500006 0 P 0
L 52.569999 36.2800011 52.569999 36.5800005 0 P 0
L 52.5979898 11.90055786 52.5979898 12.20055726 0 P 0
L 52.62000144 27.95999996 52.92000084 27.95999996 0 P 0
L 52.65000138 39.36000002 52.95000078 39.36000002 0 P 0
L 52.75963794 10.78846458 53.05963734 10.78846458 0 P 0
L 52.77000114 27.81000026 52.77000114 28.10999966 0 P 0
L 52.80000108 39.21000032 52.80000108 39.50999972 0 P 0
L 52.90963764 10.63846488 52.90963764 10.93846428 0 P 0
L 52.97559128 9.50652658 53.27559068 9.50652658 0 P 0
L 53.094636 8.21199018 53.3946354 8.21199018 0 P 0
L 53.12559098 9.35652688 53.12559098 9.65652628 0 P 0
L 53.2446357 8.06199048 53.2446357 8.36198988 0 P 0
L 53.32332744 6.93226198 53.62332684 6.93226198 0 P 0
L 53.47332714 6.78226228 53.47332714 7.08226168 0 P 0
L 53.55000212 43.50999934 54.55000012 43.50999934 0 P 0
L 53.55000212 51.1350006 54.55000012 51.1350006 0 P 0
L 53.5884882 1.75959262 53.8884876 1.75959262 0 P 0
L 53.5884882 3.05959256 53.8884876 3.05959256 0 P 0
L 53.5884882 4.3595925 53.8884876 4.3595925 0 P 0
L 53.5884882 5.65959244 53.8884876 5.65959244 0 P 0
L 53.7384879 1.60959292 53.7384879 1.90959232 0 P 0
L 53.7384879 2.90959286 53.7384879 3.20959226 0 P 0
L 53.7384879 4.2095928 53.7384879 4.5095922 0 P 0
L 53.7384879 5.50959274 53.7384879 5.80959214 0 P 0
L 53.93000136 31.27293974 54.23000076 31.27293974 0 P 0
L 54.05000112 43.01000034 54.05000112 44.00999834 0 P 0
L 54.05000112 50.6350016 54.05000112 51.6349996 0 P 0
L 54.08000106 31.12294004 54.08000106 31.42293944 0 P 0
L 55.06999908 36.059999 55.36999848 36.059999 0 P 0
L 55.21999878 35.9099993 55.21999878 36.2099987 0 P 0
L 55.42000092 17.03999894 55.72000032 17.03999894 0 P 0
L 55.54000068 12.13999858 55.84000008 12.13999858 0 P 0
L 55.54000068 22.9099999 55.84000008 22.9099999 0 P 0
L 55.57000062 16.88999924 55.57000062 17.18999864 0 P 0
L 55.69000038 11.98999888 55.69000038 12.28999828 0 P 0
L 55.69000038 22.7600002 55.69000038 23.0599996 0 P 0
L 55.90999994 7.50000024 56.20999934 7.50000024 0 P 0
L 56.05999964 7.35000054 56.05999964 7.64999994 0 P 0
L 56.650001 29.18000006 57.649999 29.18000006 0 P 0
L 57.15 28.68000106 57.15 29.67999906 0 P 0
L 57.42999944 7.49000026 57.72999884 7.49000026 0 P 0
L 57.57999914 7.34000056 57.57999914 7.63999996 0 P 0
L 57.6700015 39.47999978 57.9700009 39.47999978 0 P 0
L 57.8200012 39.33000008 57.8200012 39.62999948 0 P 0
L 58.08000068 9.69999838 58.38000008 9.69999838 0 P 0
L 58.23000038 9.54999868 58.23000038 9.84999808 0 P 0
L 58.24000036 20.44999974 58.53999976 20.44999974 0 P 0
L 58.3700001 24.94999836 58.6699995 24.94999836 0 P 0
L 58.39000006 20.30000004 58.39000006 20.59999944 0 P 0
L 58.50999982 1.30999992 58.80999922 1.30999992 0 P 0
L 58.50999982 2.60999986 58.80999922 2.60999986 0 P 0
L 58.50999982 15.86999874 61.5099989 15.86999874 0 P 0
L 58.5199998 3.87999986 58.8199992 3.87999986 0 P 0
L 58.5199998 24.79999866 58.5199998 25.09999806 0 P 0
L 58.54999974 5.15999984 58.84999914 5.15999984 0 P 0
L 58.54999974 6.48999972 58.84999914 6.48999972 0 P 0
L 58.65999952 1.16000022 58.65999952 1.45999962 0 P 0
L 58.65999952 2.46000016 58.65999952 2.75999956 0 P 0
L 58.6699995 3.73000016 58.6699995 4.02999956 0 P 0
L 58.69999944 5.01000014 58.69999944 5.30999954 0 P 0
L 58.69999944 6.34000002 58.69999944 6.63999942 0 P 0
L 60.00999936 14.3699992 60.00999936 17.36999828 0 P 0
L 60.85000276 31.21999852 61.15000216 31.21999852 0 P 0
L 60.97000252 26.31999816 61.27000192 26.31999816 0 P 0
L 60.97000252 37.08999948 61.27000192 37.08999948 0 P 0
L 61.00000246 31.06999882 61.00000246 31.36999822 0 P 0
L 61.12000222 26.16999846 61.12000222 26.46999786 0 P 0
L 61.12000222 36.93999978 61.12000222 37.23999918 0 P 0
L 61.17500338 43.50999934 62.17500138 43.50999934 0 P 0
L 61.17500338 51.1350006 62.17500138 51.1350006 0 P 0
L 61.34000178 10.06999764 61.64000118 10.06999764 0 P 0
L 61.46000154 5.16999728 61.76000094 5.16999728 0 P 0
L 61.49000148 9.91999794 61.49000148 10.21999734 0 P 0
L 61.61000124 5.01999758 61.61000124 5.31999698 0 P 0
L 61.67500238 43.01000034 61.67500238 44.00999834 0 P 0
L 61.67500238 50.6350016 61.67500238 51.6349996 0 P 0
L 63.51000252 23.87999796 63.81000192 23.87999796 0 P 0
L 63.56000242 28.82999822 63.86000182 28.82999822 0 P 0
L 63.66000222 23.72999826 63.66000222 24.02999766 0 P 0
L 63.6700022 34.62999932 63.9700016 34.62999932 0 P 0
L 63.71000212 28.67999852 63.71000212 28.97999792 0 P 0
L 63.80000194 39.12999794 64.10000134 39.12999794 0 P 0
L 63.8200019 34.47999962 63.8200019 34.77999902 0 P 0
L 63.95000164 38.97999824 63.95000164 39.27999764 0 P 0
L 64.00000154 2.72999708 64.30000094 2.72999708 0 P 0
L 64.05000144 7.67999734 64.35000084 7.67999734 0 P 0
L 64.15000124 2.57999738 64.15000124 2.87999678 0 P 0
L 64.16000122 13.47999844 64.46000062 13.47999844 0 P 0
L 64.20000114 7.52999764 64.20000114 7.82999704 0 P 0
L 64.29000096 17.97999706 64.59000036 17.97999706 0 P 0
L 64.31000092 13.32999874 64.31000092 13.62999814 0 P 0
L 64.44000066 17.82999736 64.44000066 18.12999676 0 P 0
L 67.85000146 51.28999902 68.84999946 51.28999902 0 P 0
L 68.35000046 50.79000002 68.35000046 51.78999802 0 P 0
L 69.12000146 9.45999886 69.42000086 9.45999886 0 P 0
L 69.24000122 4.5599985 69.54000062 4.5599985 0 P 0
L 69.24000122 15.32999982 69.54000062 15.32999982 0 P 0
L 69.27000116 9.30999916 69.27000116 9.60999856 0 P 0
L 69.39000092 4.4099988 69.39000092 4.7099982 0 P 0
L 69.39000092 15.18000012 69.39000092 15.47999952 0 P 0
L 71.47000184 49.2099981 71.77000124 49.2099981 0 P 0
L 71.5900016 44.30999774 71.890001 44.30999774 0 P 0
L 71.5900016 55.07999906 71.890001 55.07999906 0 P 0
L 71.62000154 49.0599984 71.62000154 49.3599978 0 P 0
L 71.7400013 44.15999804 71.7400013 44.45999744 0 P 0
L 71.7400013 54.92999936 71.7400013 55.22999876 0 P 0
L 71.78000122 2.1199983 72.08000062 2.1199983 0 P 0
L 71.80000118 24.61999902 72.10000058 24.61999902 0 P 0
L 71.80000118 25.71999936 72.10000058 25.71999936 0 P 0
L 71.80000118 26.7199999 72.10000058 26.7199999 0 P 0
L 71.83000112 7.06999856 72.13000052 7.06999856 0 P 0
L 71.93000092 1.9699986 71.93000092 2.269998 0 P 0
L 71.9400009 12.86999966 72.2400003 12.86999966 0 P 0
L 71.95000088 24.46999932 71.95000088 24.76999872 0 P 0
L 71.95000088 25.56999966 71.95000088 25.86999906 0 P 0
L 71.95000088 26.5700002 71.95000088 26.8699996 0 P 0
L 71.98000082 6.91999886 71.98000082 7.21999826 0 P 0
L 71.9900008 37.15999934 72.2900002 37.15999934 0 P 0
L 71.9900008 38.3499995 72.2900002 38.3499995 0 P 0
L 71.9900008 39.5199997 72.2900002 39.5199997 0 P 0
L 72.07000064 17.36999828 72.37000004 17.36999828 0 P 0
L 72.0900006 12.71999996 72.0900006 13.01999936 0 P 0
L 72.1400005 37.00999964 72.1400005 37.30999904 0 P 0
L 72.1400005 38.1999998 72.1400005 38.4999992 0 P 0
L 72.1400005 39.37 72.1400005 39.6699994 0 P 0
L 72.22000034 17.21999858 72.22000034 17.51999798 0 P 0
L 72.93000146 24.61999902 73.23000086 24.61999902 0 P 0
L 72.93000146 25.71999936 73.23000086 25.71999936 0 P 0
L 72.93000146 26.7199999 73.23000086 26.7199999 0 P 0
L 73.08000116 24.46999932 73.08000116 24.76999872 0 P 0
L 73.08000116 25.56999966 73.08000116 25.86999906 0 P 0
L 73.08000116 26.5700002 73.08000116 26.8699996 0 P 0
L 73.2100009 37.15999934 73.5100003 37.15999934 0 P 0
L 73.2100009 38.3499995 73.5100003 38.3499995 0 P 0
L 73.2100009 39.5199997 73.5100003 39.5199997 0 P 0
L 73.3600006 37.00999964 73.3600006 37.30999904 0 P 0
L 73.3600006 38.1999998 73.3600006 38.4999992 0 P 0
L 73.3600006 39.37 73.3600006 39.6699994 0 P 0
L 74.08999914 24.61999902 74.38999854 24.61999902 0 P 0
L 74.08999914 25.71999936 74.38999854 25.71999936 0 P 0
L 74.08999914 26.7199999 74.38999854 26.7199999 0 P 0
L 74.1300016 41.86999754 74.430001 41.86999754 0 P 0
L 74.1800015 46.8199978 74.4800009 46.8199978 0 P 0
L 74.23999884 24.46999932 74.23999884 24.76999872 0 P 0
L 74.23999884 25.56999966 74.23999884 25.86999906 0 P 0
L 74.23999884 26.5700002 74.23999884 26.8699996 0 P 0
L 74.2800013 41.71999784 74.2800013 42.01999724 0 P 0
L 74.29000128 52.6199989 74.59000068 52.6199989 0 P 0
L 74.3300012 46.6699981 74.3300012 46.9699975 0 P 0
L 74.42000102 37.15999934 74.72000042 37.15999934 0 P 0
L 74.42000102 38.3499995 74.72000042 38.3499995 0 P 0
L 74.42000102 39.5199997 74.72000042 39.5199997 0 P 0
L 74.44000098 52.4699992 74.44000098 52.7699986 0 P 0
L 74.57000072 37.00999964 74.57000072 37.30999904 0 P 0
L 74.57000072 38.1999998 74.57000072 38.4999992 0 P 0
L 74.57000072 39.37 74.57000072 39.6699994 0 P 0
L 76.18000258 9.67999842 76.48000198 9.67999842 0 P 0
L 76.30000234 4.77999806 76.60000174 4.77999806 0 P 0
L 76.30000234 15.54999938 76.60000174 15.54999938 0 P 0
L 76.33000228 9.52999872 76.33000228 9.82999812 0 P 0
L 76.45000204 4.62999836 76.45000204 4.92999776 0 P 0
L 76.45000204 15.39999968 76.45000204 15.69999908 0 P 0
L 77.59999974 36.09999892 78.59999774 36.09999892 0 P 0
L 77.59999974 38.6499989 78.59999774 38.6499989 0 P 0
L 77.69999954 55.07999906 77.99999894 55.07999906 0 P 0
L 77.76000196 23.13999944 78.75999996 23.13999944 0 P 0
L 77.76000196 25.68999942 78.75999996 25.68999942 0 P 0
L 77.84999924 54.92999936 77.84999924 55.22999876 0 P 0
L 78.09999874 35.59999992 78.09999874 36.59999792 0 P 0
L 78.09999874 38.1499999 78.09999874 39.1499979 0 P 0
L 78.26000096 22.64000044 78.26000096 23.63999844 0 P 0
L 78.26000096 25.19000042 78.26000096 26.18999842 0 P 0
L 78.27000094 48.0100005 79.26999894 48.0100005 0 P 0
L 78.76999994 47.5100015 78.76999994 48.5099995 0 P 0
L 78.84000234 2.33999786 79.14000174 2.33999786 0 P 0
L 78.89000224 7.28999812 79.19000164 7.28999812 0 P 0
L 78.99000204 2.18999816 78.99000204 2.48999756 0 P 0
L 79.00000202 13.08999922 79.30000142 13.08999922 0 P 0
L 79.04000194 7.13999842 79.04000194 7.43999782 0 P 0
L 79.13000176 17.58999784 79.43000116 17.58999784 0 P 0
L 79.15000172 12.93999952 79.15000172 13.23999892 0 P 0
L 79.28000146 17.43999814 79.28000146 17.73999754 0 P 0
L 80.72000112 32.5700009 81.02000052 32.5700009 0 P 0
L 80.87000082 32.4200012 80.87000082 32.7200006 0 P 0
L 80.97349312 5.67469528 83.9734922 5.67469528 0 P 0
L 80.97349312 52.29969474 83.9734922 52.29969474 0 P 0
L 81.64000182 48.10000032 82.63999982 48.10000032 0 P 0
L 82.14000082 47.60000132 82.14000082 48.59999932 0 P 0
L 82.47349266 4.17469574 82.47349266 7.17469482 0 P 0
L 82.47349266 50.7996952 82.47349266 53.79969428 0 P 0
L 83.74000016 19.9200008 84.03999956 19.9200008 0 P 0
L 83.88999986 19.7700011 83.88999986 20.0700005 0 P 0
L 84.93000032 32.5700009 85.22999972 32.5700009 0 P 0
L 85.08000002 32.4200012 85.08000002 32.7200006 0 P 0
L 87.11000104 29.46999948 87.41000044 29.46999948 0 P 0
L 87.16000094 18.98000014 87.46000034 18.98000014 0 P 0
L 87.26000074 29.31999978 87.26000074 29.61999918 0 P 0
L 87.31000064 18.83000044 87.31000064 19.12999984 0 P 0
