UNITS=MM
#Layer_Color=16711935
#
#Feature symbol names
#
$0 r254

#
#Feature attribute names
#

#
#Layer features
#
L -0.02614676 5.82058526 -0.02614676 7.253224 0 P 0
L -0.02614676 5.82058526 0.03486658 5.2154328 0 P 0
L -0.02614676 7.253224 -0.02614676 51.58629764 0 P 0
L -0.02614676 51.58629764 0.00471424 51.95714018 0 P 0
L 0.00471424 51.95714018 0.15565628 52.77671944 0 P 0
L 0.03486658 5.2154328 0.155448 4.61929988 0 P 0
L 0.155448 4.61929988 0.33441132 4.0380031 0 P 0
L 0.15565628 52.77671944 0.3244469 53.36104898 0 P 0
L 0.3244469 53.36104898 0.55021734 53.9258002 0 P 0
L 0.33441132 4.0380031 0.57000394 3.47727778 0 P 0
L 0.55021734 53.9258002 0.83076288 54.46545876 0 P 0
L 0.57000394 3.47727778 0.85992462 2.94259762 0 P 0
L 0.83076288 54.46545876 1.1633073 54.9747059 0 P 0
L 0.85992462 2.94259762 1.2013057 2.43923312 0 P 0
L 1.1633073 54.9747059 1.5445994 55.4485556 0 P 0
L 1.2013057 2.43923312 1.59080962 1.97210934 0 P 0
L 1.5445994 55.4485556 1.97091046 55.88237236 0 P 0
L 1.59080962 1.97210934 2.02462638 1.54579828 0 P 0
L 1.97091046 55.88237236 2.43803424 56.27187628 0 P 0
L 2.02462638 1.54579828 2.49847608 1.16450872 0 P 0
L 2.43803424 56.27187628 2.94139874 56.61325736 0 P 0
L 2.49847608 1.16450872 3.00772068 0.8319643 0 P 0
L 2.94139874 56.61325736 3.4760789 56.90317804 0 P 0
L 3.00772068 0.8319643 3.54738178 0.55141876 0 P 0
L 3.4760789 56.90317804 4.03680422 57.13877066 0 P 0
L 3.54738178 0.55141876 4.112133 0.32564832 0 P 0
L 4.03680422 57.13877066 4.61809846 57.31773398 0 P 0
L 4.112133 0.32564832 4.69646254 0.1568577 0 P 0
L 4.61809846 57.31773398 5.21423392 57.4383154 0 P 0
L 4.69646254 0.1568577 5.29460968 0.0466979 0 P 0
L 5.21423392 57.4383154 5.81938638 57.49932874 0 P 0
L 5.29460968 0.0466979 5.90073496 -0.0037465 0 P 0
L 5.81938638 57.49932874 6.12349296 57.499758 0 P 0
L 5.90073496 -0.0037465 6.2048009 0.00113792 0 P 0
L 6.12349296 57.499758 83.91717532 57.50119818 0 P 0
L 6.2048009 0.00113792 7.24818718 -0.0000635 0 P 0
L 7.24818718 -0.0000635 84.00731738 -0.0000635 0 P 0
L 83.91717532 57.50119818 84.22131492 57.50601148 0 P 0
L 84.00731738 -0.0000635 84.31141888 0.00036068 0 P 0
L 84.22131492 57.50601148 84.82756974 57.4554096 0 P 0
L 84.31141888 0.00036068 84.91657134 0.06137402 0 P 0
L 84.82756974 57.4554096 85.42583626 57.34508216 0 P 0
L 84.91657134 0.06137402 85.5127068 0.18195544 0 P 0
L 85.42583626 57.34508216 86.01026232 57.17610866 0 P 0
L 85.5127068 0.18195544 86.09400104 0.36091876 0 P 0
L 86.01026232 57.17610866 86.57509482 56.95014772 0 P 0
L 86.09400104 0.36091876 86.65472636 0.59651138 0 P 0
L 86.57509482 56.95014772 87.11481434 56.6694066 0 P 0
L 86.65472636 0.59651138 87.18940906 0.88643206 0 P 0
L 87.11481434 56.6694066 87.62410212 56.33666152 0 P 0
L 87.18940906 0.88643206 87.69277356 1.22781314 0 P 0
L 87.62410212 56.33666152 88.09797214 55.95516622 0 P 0
L 87.69277356 1.22781314 88.15989734 1.61731452 0 P 0
L 88.09797214 55.95516622 88.5317889 55.52864942 0 P 0
L 88.15989734 1.61731452 88.5862084 2.05113128 0 P 0
L 88.5317889 55.52864942 88.9212725 55.0613199 0 P 0
L 88.5862084 2.05113128 88.9675005 2.52498352 0 P 0
L 88.9212725 55.0613199 89.26261294 54.55775474 0 P 0
L 88.9675005 2.52498352 89.30004238 3.03422812 0 P 0
L 89.26261294 54.55775474 89.5524752 54.02287646 0 P 0
L 89.30004238 3.03422812 89.58058792 3.57388668 0 P 0
L 89.5524752 54.02287646 89.78798654 53.46196064 0 P 0
L 89.58058792 3.57388668 89.80635836 4.13864044 0 P 0
L 89.78798654 53.46196064 89.96685334 52.88048352 0 P 0
L 89.80635836 4.13864044 89.97515152 4.72296998 0 P 0
L 89.96685334 52.88048352 90.08731792 52.28417788 0 P 0
L 89.97515152 4.72296998 90.08530878 5.32111712 0 P 0
L 90.08530878 5.32111712 90.13575318 5.9272424 0 P 0
L 90.08731792 52.28417788 90.14820172 51.67886794 0 P 0
L 90.13086876 6.23130834 90.13575318 5.9272424 0 P 0
L 90.13086876 6.23130834 90.15297692 48.79964586 0 P 0
L 90.14820172 51.67886794 90.14855478 51.37469532 0 P 0
L 90.14855478 51.37469532 90.15297692 48.79964586 0 P 0
